-4.000000000000000000e+00 1.300000000000000000e+01
-3.919191919191919116e+00 1.236006529945923837e+01
-3.838383838383838231e+00 1.173319049076624765e+01
-3.757575757575757791e+00 1.111937557392102960e+01
-3.676767676767676907e+00 1.051862054892358067e+01
-3.595959595959596022e+00 9.930925415773900866e+00
-3.515151515151515138e+00 9.356290174471991961e+00
-3.434343434343434254e+00 8.794714825017853954e+00
-3.353535353535353369e+00 8.246199367411486847e+00
-3.272727272727272485e+00 7.710743801652890639e+00
-3.191919191919192045e+00 7.188348127742067106e+00
-3.111111111111111160e+00 6.679012345679012697e+00
-3.030303030303030276e+00 6.182736455463727410e+00
-2.949494949494949392e+00 5.699520457096214798e+00
-2.868686868686868507e+00 5.229364350576471310e+00
-2.787878787878788067e+00 4.772268135904500497e+00
-2.707070707070706739e+00 4.328231813080296142e+00
-2.626262626262626299e+00 3.897255382103867127e+00
-2.545454545454545414e+00 3.479338842975206347e+00
-2.464646464646464530e+00 3.074482195694316466e+00
-2.383838383838383645e+00 2.682685440261196597e+00
-2.303030303030302761e+00 2.303948576675848514e+00
-2.222222222222222321e+00 1.938271604938272219e+00
-2.141414141414140992e+00 1.585654525048462382e+00
-2.060606060606060552e+00 1.246097337006427885e+00
-1.979797979797979668e+00 9.196000408121616232e-01
-1.898989898989898784e+00 6.061626364656658161e-01
-1.818181818181817899e+00 3.057851239669409082e-01
-1.737373737373737015e+00 1.846750331598689954e-02
-1.656565656565656575e+00 -2.557902254871953218e-01
-1.575757575757575690e+00 -5.169880624426079763e-01
-1.494949494949494806e+00 -7.651260075502506197e-01
-1.414141414141413922e+00 -1.000204060810122142e+00
-1.333333333333333037e+00 -1.222222222222222987e+00
-1.252525252525252153e+00 -1.431180491786553377e+00
-1.171717171717171269e+00 -1.627078869503112868e+00
-1.090909090909090828e+00 -1.809917355371901015e+00
-1.010101010101009944e+00 -1.979695949392919374e+00
-9.292929292929290597e-01 -2.136414651566167056e+00
-8.484848484848481753e-01 -2.280073461891644282e+00
-7.676767676767672910e-01 -2.410672380369350609e+00
-6.868686868686864067e-01 -2.528211406999286481e+00
-6.060606060606059664e-01 -2.632690541781451010e+00
-5.252525252525250821e-01 -2.724109784715845528e+00
-4.444444444444441977e-01 -2.802469135802469147e+00
-3.636363636363633134e-01 -2.867768595041322754e+00
-2.828282828282824291e-01 -2.920008162432405019e+00
-2.020202020202015447e-01 -2.959187837975716828e+00
-1.212121212121211045e-01 -2.985307621671258183e+00
-4.040404040404022012e-02 -2.998367513519028638e+00
4.040404040404066421e-02 -2.998367513519028638e+00
1.212121212121219926e-01 -2.985307621671257738e+00
2.020202020202024329e-01 -2.959187837975716384e+00
2.828282828282828731e-01 -2.920008162432405019e+00
3.636363636363642016e-01 -2.867768595041321866e+00
4.444444444444446418e-01 -2.802469135802469147e+00
5.252525252525259702e-01 -2.724109784715844640e+00
6.060606060606064105e-01 -2.632690541781450566e+00
6.868686868686868507e-01 -2.528211406999285593e+00
7.676767676767681792e-01 -2.410672380369349277e+00
8.484848484848486194e-01 -2.280073461891643394e+00
9.292929292929299478e-01 -2.136414651566165723e+00
1.010101010101010388e+00 -1.979695949392918486e+00
1.090909090909091717e+00 -1.809917355371899017e+00
1.171717171717172157e+00 -1.627078869503110869e+00
1.252525252525252597e+00 -1.431180491786552267e+00
1.333333333333333925e+00 -1.222222222222220545e+00
1.414141414141414366e+00 -1.000204060810120810e+00
1.494949494949495694e+00 -7.651260075502479552e-01
1.575757575757576134e+00 -5.169880624426066440e-01
1.656565656565657463e+00 -2.557902254871922132e-01
1.737373737373737903e+00 1.846750331599000816e-02
1.818181818181818343e+00 3.057851239669426846e-01
1.898989898989899672e+00 6.061626364656693688e-01
1.979797979797980112e+00 9.196000408121633996e-01
2.060606060606061440e+00 1.246097337006431438e+00
2.141414141414141881e+00 1.585654525048466823e+00
2.222222222222222321e+00 1.938271604938272219e+00
2.303030303030303649e+00 2.303948576675852067e+00
2.383838383838384090e+00 2.682685440261199261e+00
2.464646464646465418e+00 3.074482195694320907e+00
2.545454545454545858e+00 3.479338842975209012e+00
2.626262626262627187e+00 3.897255382103871568e+00
2.707070707070707627e+00 4.328231813080300583e+00
2.787878787878788067e+00 4.772268135904500497e+00
2.868686868686869396e+00 5.229364350576476639e+00
2.949494949494949836e+00 5.699520457096216575e+00
3.030303030303031164e+00 6.182736455463732739e+00
3.111111111111111605e+00 6.679012345679016249e+00
3.191919191919192933e+00 7.188348127742074212e+00
3.272727272727273373e+00 7.710743801652895968e+00
3.353535353535353813e+00 8.246199367411490400e+00
3.434343434343435142e+00 8.794714825017861060e+00
3.515151515151515582e+00 9.356290174471995513e+00
3.595959595959596911e+00 9.930925415773907972e+00
3.676767676767677351e+00 1.051862054892358422e+01
3.757575757575757791e+00 1.111937557392102960e+01
3.838383838383839120e+00 1.173319049076625475e+01
3.919191919191919560e+00 1.236006529945924193e+01
4.000000000000000000e+00 1.300000000000000000e+01
